0 2
1 2
2 2
3 2
4 2
5 2
6 2
7 2
8 2
9 2
10 2
11 2
12 2
13 2
14 2
15 2
16 2
17 2
18 2
19 2
20 2
21 2
22 2
23 2
24 2
25 2
26 2
27 2
28 2
29 2
30 2
31 2
32 2
33 2
34 2
35 2
36 2
37 2
38 2
39 2
40 2
41 2
42 2
43 2
44 2
45 2
46 2
47 2
48 2
49 2
50 2
51 2
52 2
53 2
54 2
55 2
56 2
57 2
58 2
59 2
60 2
61 2
62 2
63 2
64 2
65 2
66 2
67 2
68 2
69 2
70 2
71 2
72 2
73 2
74 2
75 2
76 2
77 2
78 2
79 2
80 2
81 2
82 2
83 2
84 2
85 2
86 2
87 2
88 2
89 2
90 2
91 2
92 2
93 2
94 2
95 2
96 2
97 2
98 2
99 2
100 2
101 2
102 2
103 2
104 2
105 2
106 2
107 2
108 2
109 2
110 2
111 2
112 2
113 2
114 2
115 2
116 2
117 2
118 2
119 2
120 2
121 2
122 2
123 2
124 2
125 2
126 2
127 2
128 2
129 2
130 2
131 2
132 2
133 2
134 2
135 2
136 2
137 2
138 2
139 2
140 2
141 2
142 2
143 2
144 2
145 2
146 2
147 2
148 2
149 2
150 2
151 2
152 2
153 2
154 2
155 2
156 2
157 2
158 2
159 90
160 826
161 1534
162 2198
163 2790
164 3298
165 3710
166 4022
167 4234
168 4346
169 4374
170 4330
171 4226
172 4082
173 3922
174 3754
175 3598
176 3470
177 3374
178 3322
179 3310
180 3338
181 3402
182 3490
183 3598
184 3706
185 3814
186 3902
187 3970
188 4010
189 4018
190 3998
191 3946
192 3878
193 3794
194 3702
195 3614
196 3542
197 3486
198 3454
199 3454
200 3478
201 3530
202 3598
203 3682
204 3774
205 3862
206 3934
207 3990
208 4018
209 4014
210 3982
211 3918
212 3834
213 3730
214 3618
215 3510
216 3418
217 3350
218 3314
219 3314
220 3362
221 3446
222 3570
223 3722
224 3886
225 4050
226 4202
227 4314
228 4370
229 4358
230 4262
231 4074
232 3782
233 3386
234 2898
235 2322
236 1674
237 974
238 242
239 -502
240 -1226
241 -1910
242 -2534
243 -3078
244 -3534
245 -3894
246 -4146
247 -4306
248 -4370
249 -4354
250 -4274
251 -4146
252 -3990
253 -3822
254 -3662
255 -3518
256 -3406
257 -3334
258 -3306
259 -3318
260 -3366
261 -3446
262 -3546
263 -3654
264 -3762
265 -3862
266 -3942
267 -3994
268 -4014
269 -4006
270 -3970
271 -3906
272 -3826
273 -3738
274 -3650
275 -3566
276 -3502
277 -3462
278 -3446
279 -3458
280 -3498
281 -3562
282 -3642
283 -3730
284 -3818
285 -3902
286 -3962
287 -4002
288 -4014
289 -3994
290 -3946
291 -3870
292 -3774
293 -3662
294 -3554
295 -3454
296 -3370
297 -3322
298 -3306
299 -3330
300 -3402
301 -3506
302 -3646
303 -3810
304 -3974
305 -4134
306 -4266
307 -4350
308 -4370
309 -4314
310 -4166
311 -3918
312 -3570
313 -3122
314 -2582
315 -1962
316 -1282
317 -562
318 354
319 1822
320 3234
321 4538
322 5706
323 6698
324 7502
325 8102
326 8502
327 8710
328 8746
329 8638
330 8418
331 8126
332 7798
333 7466
334 7162
335 6910
336 6730
337 6634
338 6622
339 6686
340 6822
341 7002
342 7218
343 7438
344 7646
345 7822
346 7954
347 8022
348 8034
349 7982
350 7878
351 7734
352 7562
353 7382
354 7210
355 7066
356 6962
357 6906
358 6906
359 6962
360 7070
361 7214
362 7386
363 7566
364 7738
365 7882
366 7986
367 8034
368 8022
369 7950
370 7818
371 7642
372 7430
373 7210
374 6998
375 6814
376 6682
377 6618
378 6634
379 6738
380 6918
381 7170
382 7478
383 7810
384 8138
385 8430
386 8642
387 8746
388 8702
389 8490
390 8082
391 7478
392 6666
393 5666
394 4494
395 3182
396 1770
397 302
398 -1178
399 -2618
400 -3974
401 -5206
402 -6278
403 -7170
404 -7858
405 -8346
406 -8634
407 -8742
408 -8698
409 -8522
410 -8258
411 -7942
412 -7606
413 -7286
414 -7010
415 -6798
416 -6662
417 -6614
418 -6646
419 -6750
420 -6914
421 -7118
422 -7338
423 -7554
424 -7746
425 -7898
426 -7994
427 -8034
428 -8006
429 -7926
430 -7798
431 -7634
432 -7458
433 -7278
434 -7122
435 -6998
436 -6918
437 -6894
438 -6926
439 -7014
440 -7142
441 -7306
442 -7486
443 -7662
444 -7818
445 -7942
446 -8014
447 -8030
448 -7986
449 -7878
450 -7718
451 -7522
452 -7302
453 -7082
454 -6886
455 -6730
456 -6634
457 -6614
458 -6678
459 -6826
460 -7046
461 -7334
462 -7658
463 -7994
464 -8306
465 -8558
466 -8714
467 -8738
468 -8602
469 -8282
470 -7766
471 -7042
472 -6126
473 -5026
474 -3770
475 -2398
476 -950
477 738
478 2766
479 4706
480 6498
481 8090
482 9438
483 10518
484 11318
485 11838
486 12094
487 12118
488 11950
489 11634
490 11218
491 10758
492 10302
493 9886
494 9550
495 9314
496 9190
497 9186
498 9290
499 9486
500 9746
501 10046
502 10354
503 10638
504 10874
505 11046
506 11134
507 11138
508 11058
509 10906
510 10698
511 10458
512 10206
513 9974
514 9778
515 9638
516 9574
517 9582
518 9670
519 9826
520 10034
521 10274
522 10526
523 10758
524 10954
525 11086
526 11146
527 11118
528 11006
529 10814
530 10562
531 10270
532 9962
533 9670
534 9426
535 9254
536 9178
537 9214
538 9366
539 9630
540 9994
541 10422
542 10886
543 11338
544 11734
545 12014
546 12134
547 12050
548 11722
549 11126
550 10250
551 9094
552 7674
553 6026
554 4186
555 2218
556 174
557 -1874
558 -3862
559 -5726
560 -7414
561 -8870
562 -10074
563 -10994
564 -11638
565 -12006
566 -12130
567 -12042
568 -11786
569 -11406
570 -10962
571 -10494
572 -10058
573 -9682
574 -9398
575 -9226
576 -9170
577 -9230
578 -9386
579 -9622
580 -9906
581 -10214
582 -10514
583 -10774
584 -10974
585 -11102
586 -11142
587 -11098
588 -10974
589 -10790
590 -10562
591 -10314
592 -10070
593 -9854
594 -9690
595 -9590
596 -9566
597 -9618
598 -9746
599 -9934
600 -10162
601 -10410
602 -10654
603 -10870
604 -11034
605 -11126
606 -11138
607 -11062
608 -10906
609 -10678
610 -10398
611 -10094
612 -9790
613 -9522
614 -9314
615 -9194
616 -9178
617 -9282
618 -9498
619 -9818
620 -10222
621 -10678
622 -11142
623 -11566
624 -11902
625 -12098
626 -12110
627 -11894
628 -11418
629 -10666
630 -9634
631 -8326
632 -6774
633 -5014
634 -3094
635 -1074
636 982
637 3002
638 4930
639 6698
640 8262
641 9582
642 10626
643 11394
644 11882
645 12110
646 12110
647 11918
648 11590
649 11166
650 10702
651 10246
652 9842
653 9514
654 9294
655 9186
656 9194
657 9310
658 9514
659 9782
660 10082
661 10386
662 10670
663 10898
664 11058
665 11138
666 11130
667 11042
668 10882
669 10670
670 10426
671 10178
672 9946
673 9758
674 9626
675 9570
676 9590
677 9686
678 9850
679 10062
680 10306
681 10554
682 10786
683 10974
684 11098
685 11146
686 11110
687 10986
688 10790
689 10530
690 10234
691 9926
692 9638
693 9398
694 9238
695 9174
696 9226
697 9394
698 9670
699 10042
700 10478
701 10942
702 11390
703 11774
704 12038
705 12134
706 12022
707 11666
708 11038
709 10126
710 8938
711 7490
712 5814
713 3958
714 1974
715 -70
716 -2118
717 -4094
718 -5938
719 -7598
720 -9030
721 -10198
722 -11086
723 -11694
724 -12034
725 -12130
726 -12018
727 -11746
728 -11358
729 -10906
730 -10442
731 -10006
732 -9642
733 -9374
734 -9214
735 -9174
736 -9242
737 -9410
738 -9654
739 -9942
740 -10250
741 -10546
742 -10802
743 -10994
744 -11110
745 -11142
746 -11086
747 -10958
748 -10766
749 -10534
750 -10282
751 -10042
752 -9830
753 -9674
754 -9582
755 -9566
756 -9630
757 -9766
758 -9958
759 -10190
760 -10442
761 -10682
762 -10894
763 -11046
764 -11130
765 -11130
766 -11046
767 -10882
768 -10646
769 -10362
770 -10058
771 -9758
772 -9494
773 -9294
774 -9186
775 -9186
776 -9302
777 -9530
778 -9862
779 -10274
780 -10734
781 -11194
782 -11610
783 -11934
784 -12110
785 -12098
786 -11850
787 -11342
788 -10558
789 -9490
790 -8154
791 -6574
792 -4790
793 -2858
794 -830
795 1226
796 3238
797 5150
798 6898
799 8434
800 9718
801 10734
802 11466
803 11922
804 12122
805 12094
806 11886
807 11542
808 11114
809 10646
810 10198
811 9798
812 9482
813 9274
814 9182
815 9202
816 9330
817 9542
818 9814
819 10118
820 10422
821 10698
822 10922
823 11074
824 11142
825 11126
826 11026
827 10858
828 10642
829 10398
830 10150
831 9922
832 9738
833 9618
834 9570
835 9598
836 9702
837 9870
838 10090
839 10334
840 10582
841 10810
842 10990
843 11106
844 11146
845 11098
846 10966
847 10762
848 10494
849 10198
850 9890
851 9606
852 9378
853 9226
854 9174
855 9238
856 9418
857 9710
858 10090
859 10534
860 10998
861 11442
862 11810
863 12058
864 12134
865 11994
866 11606
867 10942
868 9998
869 8778
870 7302
871 5602
872 3726
873 1734
874 -318
875 -2358
876 -4322
877 -6146
878 -7782
879 -9182
880 -10318
881 -11174
882 -11750
883 -12058
884 -12126
885 -11994
886 -11702
887 -11306
888 -10850
889 -10386
890 -9958
891 -9606
892 -9346
893 -9202
894 -9174
895 -9258
896 -9438
897 -9686
898 -9978
899 -10286
900 -10578
901 -10826
902 -11014
903 -11118
904 -11138
905 -11074
906 -10938
907 -10738
908 -10502
909 -10254
910 -10014
911 -9810
912 -9658
913 -9578
914 -9570
915 -9642
916 -9786
917 -9986
918 -10222
919 -10470
920 -10710
921 -10914
922 -11062
923 -11134
924 -11126
925 -11030
926 -10854
927 -10614
928 -10326
929 -10018
930 -9722
931 -9466
932 -9278
933 -9178
934 -9194
935 -9322
936 -9566
937 -9910
938 -10330
939 -10790
940 -11246
941 -11658
942 -11966
943 -12122
944 -12082
945 -11806
946 -11266
947 -10446
948 -9346
949 -7978
950 -6374
951 -4570
952 -2618
953 -586
954 1470
955 3474
956 5366
957 7094
958 8602
959 9854
960 10834
961 11534
962 11958
963 12130
964 12078
965 11850
966 11494
967 11058
968 10594
969 10146
970 9754
971 9450
972 9254
973 9178
974 9214
975 9350
976 9574
977 9850
978 10154
979 10458
980 10730
981 10946
982 11086
983 11146
984 11118
985 11010
986 10838
987 10614
988 10366
989 10118
990 9898
991 9722
992 9606
993 9566
994 9606
995 9718
996 9894
997 10118
998 10366
999 10610
1000 10834
1001 11010
1002 11118
1003 11146
1004 11086
1005 10946
1006 10730
1007 10462
1008 10158
1009 9854
1010 9574
1011 9354
1012 9214
1013 9178
1014 9254
1015 9450
1016 9750
1017 10142
1018 10586
1019 11054
1020 11490
1021 11850
1022 12078
1023 12130
1024 11962
1025 11542
1026 10846
1027 9866
1028 8614
1029 7110
1030 5386
1031 3494
1032 1490
1033 -562
1034 -2598
1035 -4546
1036 -6354
1037 -7962
1038 -9330
1039 -10434
1040 -11258
1041 -11798
1042 -12078
1043 -12122
1044 -11966
1045 -11662
1046 -11254
1047 -10794
1048 -10334
1049 -9914
1050 -9570
1051 -9322
1052 -9194
1053 -9178
1054 -9274
1055 -9462
1056 -9718
1057 -10018
1058 -10322
1059 -10610
1060 -10854
1061 -11030
1062 -11126
1063 -11134
1064 -11062
1065 -10914
1066 -10714
1067 -10474
1068 -10222
1069 -9986
1070 -9786
1071 -9646
1072 -9570
1073 -9574
1074 -9658
1075 -9806
1076 -10010
1077 -10250
1078 -10502
1079 -10738
1080 -10934
1081 -11074
1082 -11138
1083 -11118
1084 -11014
1085 -10830
1086 -10582
1087 -10290
1088 -9982
1089 -9690
1090 -9438
1091 -9258
1092 -9174
1093 -9202
1094 -9346
1095 -9602
1096 -9954
1097 -10382
1098 -10846
1099 -11298
1100 -11698
1101 -11990
1102 -12126
1103 -12062
1104 -11754
1105 -11182
1106 -10330
1107 -9198
1108 -7798
1109 -6166
1110 -4342
1111 -2378
1112 -342
1113 1710
1114 3706
1115 5582
1116 7286
1117 8762
1118 9986
1119 10934
1120 11598
1121 11990
1122 12134
1123 12062
1124 11814
1125 11446
1126 11002
1127 10538
1128 10094
1129 9714
1130 9422
1131 9242
1132 9174
1133 9226
1134 9374
1135 9602
1136 9886
1137 10194
1138 10494
1139 10758
1140 10966
1141 11098
1142 11146
1143 11110
1144 10994
1145 10810
1146 10586
1147 10338
1148 10090
1149 9874
1150 9702
1151 9598
1152 9570
1153 9618
1154 9738
1155 9918
1156 10146
1157 10394
1158 10638
1159 10858
1160 11026
1161 11126
1162 11142
1163 11074
1164 10926
1165 10702
1166 10426
1167 10122
1168 9818
1169 9546
1170 9330
1171 9202
1172 9178
1173 9270
1174 9478
1175 9794
1176 10190
1177 10642
1178 11106
1179 11538
1180 11882
1181 12094
1182 12122
1183 11926
1184 11470
1185 10742
1186 9734
1187 8450
1188 6914
1189 5170
1190 3262
1191 1246
1192 -806
1193 -2834
1194 -4770
1195 -6554
1196 -8138
1197 -9478
1198 -10546
1199 -11334
1200 -11846
1201 -12094
1202 -12114
1203 -11938
1204 -11618
1205 -11198
1206 -10738
1207 -10282
1208 -9866
1209 -9534
1210 -9302
1211 -9186
1212 -9186
1213 -9294
1214 -9490
1215 -9754
1216 -10054
1217 -10358
1218 -10642
1219 -10878
1220 -11046
1221 -11130
1222 -11130
1223 -11050
1224 -10894
1225 -10686
1226 -10442
1227 -10194
1228 -9962
1229 -9766
1230 -9634
1231 -9570
1232 -9582
1233 -9670
1234 -9830
1235 -10038
1236 -10278
1237 -10530
1238 -10762
1239 -10954
1240 -11086
1241 -11142
1242 -11110
1243 -10998
1244 -10802
1245 -10550
1246 -10254
1247 -9946
1248 -9658
1249 -9414
1250 -9246
1251 -9174
1252 -9214
1253 -9370
1254 -9638
1255 -10002
1256 -10434
1257 -10898
1258 -11350
1259 -11742
1260 -12018
1261 -12130
1262 -12038
1263 -11702
1264 -11094
1265 -10210
1266 -9042
1267 -7614
1268 -5958
1269 -4114
1270 -2138
1271 -94
1272 1954
1273 3938
1274 5794
1275 7474
1276 8922
1277 10114
1278 11026
1279 11658
1280 12022
1281 12134
1282 12038
1283 11778
1284 11394
1285 10946
1286 10482
1287 10046
1288 9674
1289 9394
1290 9226
1291 9174
1292 9238
1293 9398
1294 9634
1295 9922
1296 10230
1297 10526
1298 10786
1299 10986
1300 11106
1301 11146
1302 11098
1303 10974
1304 10786
1305 10558
1306 10306
1307 10062
1308 9850
1309 9686
1310 9590
1311 9570
1312 9626
1313 9754
1314 9946
1315 10174
1316 10422
1317 10666
1318 10882
1319 11042
1320 11130
1321 11138
1322 11062
1323 10902
1324 10670
1325 10390
1326 10086
1327 9786
1328 9518
1329 9310
1330 9194
1331 9186
1332 9290
1333 9510
1334 9838
1335 10242
1336 10698
1337 11162
1338 11586
1339 11918
1340 12106
1341 12110
1342 11886
1343 11398
1344 10638
1345 9594
1346 8278
1347 6718
1348 4950
1349 3026
1350 1002
1351 -1050
1352 -3070
1353 -4994
1354 -6754
1355 -8310
1356 -9618
1357 -10654
1358 -11410
1359 -11890
1360 -12110
1361 -12102
1362 -11906
1363 -11570
1364 -11146
1365 -10682
1366 -10230
1367 -9822
1368 -9502
1369 -9282
1370 -9178
1371 -9194
1372 -9310
1373 -9518
1374 -9786
1375 -10090
1376 -10394
1377 -10674
1378 -10902
1379 -11062
1380 -11134
1381 -11126
1382 -11034
1383 -10870
1384 -10658
1385 -10414
1386 -10166
1387 -9934
1388 -9746
1389 -9622
1390 -9566
1391 -9590
1392 -9686
1393 -9850
1394 -10066
1395 -10310
1396 -10558
1397 -10786
1398 -10974
1399 -11098
1400 -11142
1401 -11102
1402 -10978
1403 -10778
1404 -10514
1405 -10218
1406 -9910
1407 -9626
1408 -9390
1409 -9230
1410 -9170
1411 -9226
1412 -9398
1413 -9678
1414 -10050
1415 -10490
1416 -10954
1417 -11402
1418 -11782
1419 -12038
1420 -12130
1421 -12010
1422 -11642
1423 -11006
1424 -10086
1425 -8886
1426 -7430
1427 -5746
1428 -3886
1429 -1898
1430 150
1431 2194
1432 4166
1433 6006
1434 7658
1435 9078
1436 10238
1437 11118
1438 11714
1439 12046
1440 12134
1441 12014
1442 11738
1443 11346
1444 10894
1445 10430
1446 9998
1447 9634
1448 9370
1449 9214
1450 9178
1451 9250
1452 9422
1453 9666
1454 9958
1455 10266
1456 10558
1457 10814
1458 11006
1459 11118
1460 11146
1461 11086
1462 10954
1463 10762
1464 10526
1465 10278
1466 10038
1467 9826
1468 9674
1469 9586
1470 9574
1471 9638
1472 9774
1473 9970
1474 10202
1475 10454
1476 10694
1477 10902
1478 11054
1479 11138
1480 11134
1481 11046
1482 10878
1483 10642
1484 10354
1485 10050
1486 9750
1487 9490
1488 9294
1489 9186
1490 9190
1491 9310
1492 9546
1493 9882
1494 10294
1495 10754
1496 11214
1497 11630
1498 11946
1499 12118
1500 12098
1501 11842
1502 11322
1503 10530
1504 9450
1505 8106
1506 6518
1507 4730
1508 2790
1509 758
1510 -1294
1511 -3306
1512 -5210
1513 -6954
1514 -8482
1515 -9758
1516 -10762
1517 -11482
1518 -11930
1519 -12118
1520 -12086
1521 -11874
1522 -11522
1523 -11090
1524 -10626
1525 -10178
1526 -9778
1527 -9470
1528 -9262
1529 -9174
1530 -9202
1531 -9334
1532 -9546
1533 -9822
1534 -10126
1535 -10430
1536 -10706
1537 -10926
1538 -11074
1539 -11138
1540 -11118
1541 -11018
1542 -10850
1543 -10630
1544 -10382
1545 -10134
1546 -9910
1547 -9730
1548 -9610
1549 -9566
1550 -9598
1551 -9702
1552 -9874
1553 -10094
1554 -10338
1555 -10586
1556 -10814
1557 -10994
1558 -11106
1559 -11142
1560 -11090
1561 -10958
1562 -10746
1563 -10482
1564 -10182
1565 -9874
1566 -9594
1567 -9366
1568 -9218
1569 -9170
1570 -9238
1571 -9426
1572 -9718
1573 -10102
1574 -10546
1575 -11010
1576 -11450
1577 -11818
1578 -12062
1579 -12130
1580 -11982
1581 -11582
1582 -10910
1583 -9954
1584 -8726
1585 -7242
1586 -5534
1587 -3654
1588 -1658
1589 394
1590 2434
1591 4394
1592 6214
1593 7842
1594 9230
1595 10358
1596 11202
1597 11770
1598 12070
1599 12130
1600 11990
1601 11694
1602 11294
1603 10838
1604 10374
1605 9950
1606 9598
1607 9346
1608 9202
1609 9182
1610 9266
1611 9446
1612 9698
1613 9994
1614 10302
1615 10594
1616 10838
1617 11022
1618 11126
1619 11142
1620 11074
1621 10934
1622 10734
1623 10498
1624 10246
1625 10010
1626 9806
1627 9658
1628 9578
1629 9578
1630 9650
1631 9794
1632 9998
1633 10234
1634 10482
1635 10722
1636 10926
1637 11070
1638 11142
1639 11130
1640 11030
1641 10854
1642 10610
1643 10318
1644 10014
1645 9718
1646 9462
1647 9274
1648 9182
1649 9198
1650 9334
1651 9578
1652 9926
1653 10350
1654 10810
1655 11266
1656 11674
1657 11978
1658 12126
1659 12078
1660 11794
1661 11242
1662 10414
1663 9306
1664 7930
1665 6314
1666 4506
1667 2550
1668 514
1669 -1538
1670 -3538
1671 -5430
1672 -7146
1673 -8646
1674 -9890
1675 -10862
1676 -11550
1677 -11966
1678 -12126
1679 -12070
1680 -11838
1681 -11474
1682 -11038
1683 -10574
1684 -10126
1685 -9738
1686 -9438
1687 -9246
1688 -9174
1689 -9214
1690 -9354
1691 -9578
1692 -9858
1693 -10162
1694 -10466
1695 -10734
1696 -10946
1697 -11086
1698 -11142
1699 -11110
1700 -11002
1701 -10826
1702 -10602
1703 -10354
1704 -10106
1705 -9886
1706 -9710
1707 -9602
1708 -9562
1709 -9606
1710 -9722
1711 -9898
1712 -10122
1713 -10370
1714 -10614
1715 -10838
1716 -11010
1717 -11114
1718 -11142
1719 -11078
1720 -10934
1721 -10718
1722 -10446
1723 -10146
1724 -9838
1725 -9562
1726 -9342
1727 -9206
1728 -9174
1729 -9254
1730 -9454
1731 -9758
1732 -10150
1733 -10602
1734 -11066
1735 -11502
1736 -11854
1737 -12078
1738 -12122
1739 -11946
1740 -11514
1741 -10810
1742 -9822
1743 -8562
1744 -7050
1745 -5318
1746 -3422
1747 -1414
1748 638
1749 2674
1750 4618
1751 6418
1752 8018
1753 9378
1754 10474
1755 11286
1756 11818
1757 12090
1758 12122
1759 11962
1760 11650
1761 11242
1762 10782
1763 10322
1764 9902
1765 9562
1766 9322
1767 9194
1768 9186
1769 9286
1770 9474
1771 9734
1772 10030
1773 10338
1774 10626
1775 10866
1776 11038
1777 11130
1778 11138
1779 11062
1780 10914
1781 10710
1782 10470
1783 10218
1784 9982
1785 9786
1786 9646
1787 9574
1788 9582
1789 9666
1790 9818
1791 10022
1792 10262
1793 10514
1794 10750
1795 10946
1796 11082
1797 11142
1798 11122
1799 11014
1800 10826
1801 10574
1802 10282
1803 9978
1804 9682
1805 9434
1806 9258
1807 9178
1808 9210
1809 9358
1810 9618
1811 9974
1812 10402
1813 10866
1814 11318
1815 11714
1816 12002
1817 12134
1818 12058
1819 11742
1820 11158
1821 10298
1822 9154
1823 7746
1824 6110
1825 4278
1826 2310
1827 270
1828 -1778
1829 -3774
1830 -5642
1831 -7338
1832 -8810
1833 -10022
1834 -10958
1835 -11614
1836 -11998
1837 -12130
1838 -12050
1839 -11798
1840 -11426
1841 -10982
1842 -10518
1843 -10074
1844 -9698
1845 -9410
1846 -9230
1847 -9170
1848 -9222
1849 -9378
1850 -9610
1851 -9894
1852 -10198
1853 -10498
1854 -10762
1855 -10966
1856 -11098
1857 -11142
1858 -11102
1859 -10982
1860 -10802
1861 -10574
1862 -10326
1863 -10078
1864 -9862
1865 -9694
1866 -9594
1867 -9566
1868 -9614
1869 -9738
1870 -9922
1871 -10150
1872 -10398
1873 -10642
1874 -10862
1875 -11026
1876 -11122
1877 -11138
1878 -11066
1879 -10914
1880 -10690
1881 -10410
1882 -10106
1883 -9806
1884 -9534
1885 -9322
1886 -9198
1887 -9178
1888 -9274
1889 -9486
1890 -9802
1891 -10202
1892 -10654
1893 -11118
1894 -11546
1895 -11890
1896 -12094
1897 -12114
1898 -11910
1899 -11446
1900 -10706
1901 -9686
1902 -8394
1903 -6854
1904 -5102
1905 -3186
1906 -1170
1907 886
1908 2910
1909 4842
1910 6622
1911 8194
1912 9526
1913 10586
1914 11362
1915 11862
1916 12102
1917 12114
1918 11930
1919 11606
1920 11186
1921 10726
1922 10270
1923 9858
1924 9526
1925 9302
1926 9186
1927 9190
1928 9302
1929 9502
1930 9766
1931 10066
1932 10374
1933 10658
1934 10890
1935 11054
1936 11138
1937 11134
1938 11050
1939 10890
1940 10682
1941 10438
1942 10190
1943 9958
1944 9766
1945 9634
1946 9570
1947 9586
1948 9678
1949 9838
1950 10050
1951 10294
1952 10542
1953 10774
1954 10966
1955 11094
1956 11146
1957 11114
1958 10994
1959 10798
1960 10542
1961 10246
1962 9938
1963 9650
1964 9410
1965 9242
1966 9178
1967 9222
1968 9382
1969 9654
1970 10022
1971 10458
1972 10922
1973 11370
1974 11758
1975 12030
1976 12134
1977 12034
1978 11686
1979 11070
1980 10174
1981 9002
1982 7566
1983 5898
1984 4050
1985 2070
1986 26
1987 -2022
1988 -4002
1989 -5854
1990 -7526
1991 -8966
1992 -10146
1993 -11050
1994 -11674
1995 -12026
1996 -12130
1997 -12030
1998 -11762
1999 -11378
2000 -10926
2001 -10462
2002 -10026
2003 -9658
2004 -9382
2005 -9218
2006 -9170
2007 -9238
2008 -9402
2009 -9642
2010 -9930
2011 -10238
2012 -10534
2013 -10790
2014 -10986
2015 -11106
2016 -11142
2017 -11090
2018 -10966
2019 -10774
2020 -10542
2021 -10294
2022 -10050
2023 -9838
2024 -9678
2025 -9586
2026 -9566
2027 -9626
2028 -9758
2029 -9950
2030 -10178
2031 -10430
2032 -10670
2033 -10882
2034 -11042
2035 -11130
2036 -11134
2037 -11054
2038 -10890
2039 -10658
2040 -10378
2041 -10070
2042 -9770
2043 -9502
2044 -9302
2045 -9190
2046 -9182
2047 -9294
2048 -9518
2049 -9846
2050 -10254
2051 -10710
2052 -11174
2053 -11594
2054 -11922
2055 -12106
2056 -12102
2057 -11866
2058 -11374
2059 -10602
2060 -9546
2061 -8222
2062 -6654
2063 -4878
2064 -2950
2065 -926
2066 1130
2067 3146
2068 5062
2069 6818
2070 8366
2071 9666
2072 10694
2073 11438
2074 11906
2075 12118
2076 12102
2077 11898
2078 11562
2079 11134
2080 10670
2081 10218
2082 9814
2083 9494
2084 9282
2085 9182
2086 9198
2087 9322
2088 9530
2089 9802
2090 10106
2091 10410
2092 10686
2093 10914
2094 11070
2095 11142
2096 11126
2097 11034
2098 10870
2099 10654
2100 10410
2101 10162
2102 9930
2103 9746
2104 9622
2105 9570
2106 9594
2107 9694
2108 9862
2109 10078
2110 10322
2111 10570
2112 10798
2113 10982
2114 11102
2115 11146
2116 11102
2117 10974
2118 10770
2119 10510
2120 10210
2121 9902
2122 9618
2123 9386
2124 9230
2125 9174
2126 9234
2127 9410
2128 9694
2129 10070
2130 10510
2131 10974
2132 11422
2133 11798
2134 12050
2135 12134
2136 12006
2137 11630
2138 10982
2139 10050
2140 8842
2141 7378
2142 5686
2143 3818
2144 1830
2145 -218
2146 -2262
2147 -4230
2148 -6066
2149 -7710
2150 -9122
2151 -10270
2152 -11138
2153 -11730
2154 -12050
2155 -12130
2156 -12006
2157 -11718
2158 -11326
2159 -10870
2160 -10410
2161 -9978
2162 -9618
2163 -9358
2164 -9206
2165 -9174
2166 -9250
2167 -9426
2168 -9674
2169 -9966
2170 -10274
2171 -10566
2172 -10818
2173 -11006
2174 -11114
2175 -11142
2176 -11082
2177 -10946
2178 -10750
2179 -10514
2180 -10266
2181 -10026
2182 -9818
2183 -9662
2184 -9578
2185 -9570
2186 -9638
2187 -9778
2188 -9974
2189 -10210
2190 -10458
2191 -10698
2192 -10906
2193 -11054
2194 -11134
2195 -11130
2196 -11038
2197 -10866
2198 -10626
2199 -10342
2200 -10034
2201 -9734
2202 -9474
2203 -9282
2204 -9182
2205 -9190
2206 -9314
2207 -9550
2208 -9890
2209 -10306
2210 -10766
2211 -11226
2212 -11638
2213 -11954
2214 -12118
2215 -12086
2216 -11822
2217 -11298
2218 -10490
2219 -9402
2220 -8050
2221 -6454
2222 -4658
2223 -2714
2224 -682
2225 1370
2226 3382
2227 5282
2228 7014
2229 8534
2230 9802
2231 10794
2232 11506
2233 11942
2234 12126
2235 12086
2236 11866
2237 11514
2238 11078
2239 10614
2240 10166
2241 9770
2242 9462
2243 9262
2244 9178
2245 9210
2246 9342
2247 9562
2248 9838
2249 10142
2250 10446
2251 10718
2252 10934
2253 11082
2254 11142
2255 11122
2256 11018
2257 10846
2258 10626
2259 10378
2260 10130
2261 9906
2262 9726
2263 9610
2264 9570
2265 9602
2266 9714
2267 9886
2268 10106
2269 10354
2270 10598
2271 10826
2272 11002
2273 11114
2274 11146
2275 11094
2276 10954
2277 10742
2278 10474
2279 10174
2280 9870
2281 9586
2282 9362
2283 9218
2284 9178
2285 9250
2286 9438
2287 9734
2288 10122
2289 10566
2290 11030
2291 11470
2292 11834
2293 12070
2294 12130
2295 11974
2296 11566
2297 10886
2298 9922
2299 8682
2300 7186
2301 5474
2302 3586
2303 1586
2304 -466
2305 -2502
2306 -4458
2307 -6270
2308 -7890
2309 -9274
2310 -10390
2311 -11226
2312 -11782
2313 -12070
2314 -12126
2315 -11978
2316 -11678
2317 -11274
2318 -10818
2319 -10354
2320 -9930
2321 -9582
2322 -9334
2323 -9198
2324 -9178
2325 -9270
2326 -9450
2327 -9706
2328 -10002
2329 -10310
2330 -10598
2331 -10842
2332 -11022
2333 -11122
2334 -11138
2335 -11066
2336 -10926
2337 -10722
2338 -10486
2339 -10234
2340 -9998
2341 -9794
2342 -9650
2343 -9574
2344 -9574
2345 -9650
2346 -9798
2347 -10002
2348 -10238
2349 -10490
2350 -10726
2351 -10926
2352 -11070
2353 -11138
2354 -11122
2355 -11022
2356 -10842
2357 -10594
2358 -10306
2359 -9998
2360 -9702
2361 -9450
2362 -9266
2363 -9178
2364 -9198
2365 -9334
2366 -9586
2367 -9938
2368 -10362
2369 -10822
2370 -11278
2371 -11682
2372 -11982
2373 -12126
2374 -12070
2375 -11774
2376 -11214
2377 -10374
2378 -9254
2379 -7870
2380 -6250
2381 -4434
2382 -2474
2383 -438
2384 1614
2385 3614
2386 5498
2387 7210
2388 8698
2389 9934
2390 10894
2391 11574
2392 11978
2393 12130
2394 12070
2395 11830
2396 11466
2397 11026
2398 10558
2399 10114
2400 9730
2401 9434
2402 9246
2403 9174
2404 9218
2405 9366
2406 9590
2407 9874
2408 10178
2409 10478
2410 10746
2411 10958
2412 11094
2413 11146
2414 11114
2415 10998
2416 10822
2417 10598
2418 10350
2419 10102
2420 9882
2421 9710
2422 9602
2423 9570
2424 9614
2425 9730
2426 9910
2427 10134
2428 10382
2429 10630
2430 10850
2431 11018
2432 11122
2433 11142
2434 11078
2435 10934
2436 10714
2437 10442
2438 10138
2439 9834
2440 9558
2441 9342
2442 9206
2443 9178
2444 9266
2445 9466
2446 9774
2447 10170
2448 10622
2449 11086
2450 11518
2451 11870
2452 12086
2453 12126
2454 11938
2455 11498
2456 10786
2457 9786
2458 8514
2459 6994
2460 5258
2461 3354
2462 1346
2463 -710
2464 -2742
2465 -4682
2466 -6474
2467 -8070
2468 -9418
2469 -10502
2470 -11306
2471 -11830
2472 -12090
2473 -12118
2474 -11950
2475 -11634
2476 -11222
2477 -10762
2478 -10302
2479 -9886
2480 -9546
2481 -9310
2482 -9190
2483 -9182
2484 -9286
2485 -9478
2486 -9738
2487 -10038
2488 -10346
2489 -10630
2490 -10870
2491 -11038
2492 -11130
2493 -11134
2494 -11054
2495 -10902
2496 -10694
2497 -10454
2498 -10206
2499 -9970
2500 -9774
2501 -9638
2502 -9570
2503 -9578
2504 -9666
2505 -9818
2506 -10026
2507 -10266
2508 -10518
2509 -10754
2510 -10946
2511 -11082
2512 -11142
2513 -11114
2514 -11002
2515 -10814
2516 -10562
2517 -10270
2518 -9962
2519 -9670
2520 -9422
2521 -9250
2522 -9174
2523 -9210
2524 -9358
2525 -9622
2526 -9986
2527 -10414
2528 -10878
2529 -11330
2530 -11726
2531 -12006
2532 -12130
2533 -12046
2534 -11722
2535 -11130
2536 -10258
2537 -9106
2538 -7690
2539 -6042
2540 -4206
2541 -2234
2542 -194
2543 1858
2544 3846
2545 5710
2546 7398
2547 8862
2548 10066
2549 10990
2550 11634
2551 12010
2552 12134
2553 12046
2554 11790
2555 11414
2556 10970
2557 10506
2558 10066
2559 9690
2560 9406
2561 9230
2562 9174
2563 9230
2564 9386
2565 9622
2566 9906
2567 10214
2568 10514
2569 10774
2570 10978
2571 11106
2572 11146
2573 11102
2574 10982
2575 10798
2576 10566
2577 10318
2578 10074
2579 9858
2580 9694
2581 9594
2582 9570
2583 9622
2584 9750
2585 9934
2586 10162
2587 10414
2588 10658
2589 10870
2590 11034
2591 11130
2592 11142
2593 11066
2594 10910
2595 10682
2596 10406
2597 10102
2598 9798
2599 9526
2600 9318
2601 9198
2602 9182
2603 9282
2604 9498
2605 9818
2606 10222
2607 10678
2608 11138
2609 11566
2610 11902
2611 12102
2612 12114
2613 11902
2614 11430
2615 10682
2616 9650
2617 8346
2618 6798
2619 5038
2620 3118
2621 1102
2622 -954
2623 -2978
2624 -4906
2625 -6678
2626 -8242
2627 -9562
2628 -10614
2629 -11382
2630 -11874
2631 -12106
2632 -12106
2633 -11918
2634 -11590
2635 -11166
2636 -10706
2637 -10250
2638 -9842
2639 -9514
2640 -9290
2641 -9182
2642 -9190
2643 -9306
2644 -9506
2645 -9774
2646 -10074
2647 -10382
2648 -10662
2649 -10894
2650 -11054
2651 -11134
2652 -11130
2653 -11038
2654 -10882
2655 -10670
2656 -10426
2657 -10178
2658 -9946
2659 -9754
2660 -9626
2661 -9566
2662 -9586
2663 -9682
2664 -9842
2665 -10054
2666 -10298
2667 -10546
2668 -10778
2669 -10966
2670 -11094
2671 -11142
2672 -11106
2673 -10986
2674 -10786
2675 -10530
2676 -10234
2677 -9926
2678 -9638
2679 -9398
2680 -9234
2681 -9170
2682 -9222
2683 -9386
2684 -9662
2685 -10034
2686 -10470
2687 -10934
2688 -11382
2689 -11766
2690 -12030
2691 -12130
2692 -12022
2693 -11666
2694 -11042
2695 -10134
2696 -8950
2697 -7502
2698 -5830
2699 -3978
2700 -1994
2701 54
2702 2098
2703 4074
2704 5922
2705 7586
2706 9018
2707 10190
2708 11082
2709 11694
2710 12038
2711 12134
2712 12026
2713 11754
2714 11366
2715 10914
2716 10450
2717 10018
2718 9650
2719 9378
2720 9218
2721 9178
2722 9246
2723 9414
2724 9654
2725 9942
2726 10250
2727 10546
2728 10802
2729 10998
2730 11114
2731 11146
2732 11094
2733 10962
2734 10770
2735 10538
2736 10290
2737 10046
2738 9838
2739 9678
2740 9586
2741 9570
2742 9634
2743 9766
2744 9958
2745 10194
2746 10442
2747 10686
2748 10894
2749 11050
2750 11134
2751 11138
2752 11054
2753 10886
2754 10654
2755 10370
2756 10062
2757 9762
2758 9498
2759 9302
2760 9190
2761 9190
2762 9302
2763 9530
2764 9862
2765 10274
2766 10730
2767 11194
2768 11610
2769 11934
2770 12114
2771 12102
2772 11858
2773 11354
2774 10574
2775 9510
2776 8174
2777 6598
2778 4818
2779 2882
2780 858
2781 -1198
2782 -3214
2783 -5126
2784 -6874
2785 -8414
2786 -9702
2787 -10718
2788 -11454
2789 -11914
2790 -12114
2791 -12094
2792 -11886
2793 -11542
2794 -11114
2795 -10650
2796 -10198
2797 -9798
2798 -9482
2799 -9270
2800 -9178
2801 -9198
2802 -9326
2803 -9538
2804 -9810
2805 -10110
2806 -10414
2807 -10694
2808 -10914
2809 -11070
2810 -11138
2811 -11122
2812 -11026
2813 -10858
2814 -10642
2815 -10394
2816 -10146
2817 -9922
2818 -9738
2819 -9614
2820 -9566
2821 -9594
2822 -9698
2823 -9866
2824 -10082
2825 -10326
2826 -10574
2827 -10802
2828 -10986
2829 -11102
2830 -11142
2831 -11094
2832 -10966
2833 -10758
2834 -10494
2835 -10194
2836 -9890
2837 -9606
2838 -9374
2839 -9222
2840 -9170
2841 -9234
2842 -9414
2843 -9702
2844 -10082
2845 -10522
2846 -10990
2847 -11430
2848 -11802
2849 -12054
2850 -12130
2851 -11994
2852 -11606
2853 -10946
2854 -10006
2855 -8790
2856 -7314
2857 -5618
2858 -3746
2859 -1754
2860 298
2861 2338
2862 4302
2863 6130
2864 7770
2865 9170
2866 10310
2867 11170
2868 11750
2869 12062
2870 12134
2871 12002
2872 11710
2873 11314
2874 10858
2875 10394
2876 9970
2877 9614
2878 9354
2879 9206
2880 9178
2881 9262
2882 9438
2883 9686
2884 9982
2885 10286
2886 10578
2887 10830
2888 11014
2889 11122
2890 11142
2891 11082
2892 10942
2893 10746
2894 10510
2895 10258
2896 10022
2897 9814
2898 9662
2899 9582
2900 9574
2901 9646
2902 9786
2903 9986
2904 10222
2905 10470
2906 10710
2907 10914
2908 11066
2909 11138
2910 11130
2911 11038
2912 10862
2913 10622
2914 10334
2915 10026
2916 9730
2917 9470
2918 9282
2919 9186
2920 9194
2921 9322
2922 9566
2923 9910
2924 10326
2925 10786
2926 11246
2927 11658
2928 11966
2929 12126
2930 12086
2931 11814
2932 11278
2933 10458
2934 9362
2935 7998
2936 6394
2937 4594
2938 2646
2939 610
2940 -1442
2941 -3446
2942 -5342
2943 -7070
2944 -8582
2945 -9838
2946 -10822
2947 -11522
2948 -11950
2949 -12122
2950 -12078
2951 -11850
2952 -11494
2953 -11058
2954 -10594
2955 -10146
2956 -9754
2957 -9450
2958 -9254
2959 -9174
2960 -9206
2961 -9346
2962 -9566
2963 -9842
2964 -10150
2965 -10450
2966 -10722
2967 -10938
2968 -11082
2969 -11142
2970 -11114
2971 -11006
2972 -10834
2973 -10614
2974 -10366
2975 -10118
2976 -9894
2977 -9718
2978 -9606
2979 -9562
2980 -9602
2981 -9714
2982 -9890
2983 -10110
2984 -10358
2985 -10606
2986 -10826
2987 -11002
2988 -11110
2989 -11142
2990 -11086
2991 -10946
2992 -10730
2993 -10462
2994 -10158
2995 -9854
2996 -9574
2997 -9350
2998 -9210
2999 -9174
3000 -9250
3001 -9442
3002 -9742
3003 -10130
3004 -10578
3005 -11042
3006 -11482
3007 -11842
3008 -12070
3009 -12126
3010 -11962
3011 -11542
3012 -10850
3013 -9878
3014 -8626
3015 -7126
3016 -5406
3017 -3514
3018 -1510
3019 542
3020 2578
3021 4530
3022 6338
3023 7950
3024 9322
3025 10426
3026 11254
3027 11798
3028 12082
3029 12126
3030 11974
3031 11670
3032 11262
3033 10802
3034 10342
3035 9922
3036 9574
3037 9330
3038 9198
3039 9182
3040 9278
3041 9466
3042 9718
3043 10018
3044 10322
3045 10614
3046 10854
3047 11030
3048 11130
3049 11142
3050 11066
3051 10922
3052 10718
3053 10482
3054 10230
3055 9994
3056 9794
3057 9650
3058 9578
3059 9578
3060 9658
3061 9810
3062 10014
3063 10250
3064 10502
3065 10738
3066 10938
3067 11078
3068 11142
3069 11126
3070 11018
3071 10838
3072 10590
3073 10298
3074 9990
3075 9698
3076 9446
3077 9266
3078 9178
3079 9206
3080 9346
3081 9602
3082 9954
3083 10382
3084 10842
3085 11298
3086 11698
3087 11994
3088 12130
3089 12066
3090 11762
3091 11194
3092 10342
3093 9214
3094 7818
3095 6190
3096 4366
3097 2406
3098 366
3099 -1682
3100 -3682
3101 -5558
3102 -7262
3103 -8746
3104 -9970
3105 -10922
3106 -11590
3107 -11982
3108 -12130
3109 -12058
3110 -11814
3111 -11446
3112 -11006
3113 -10538
3114 -10094
3115 -9714
3116 -9422
3117 -9238
3118 -9170
3119 -9218
3120 -9366
3121 -9598
3122 -9878
3123 -10186
3124 -10486
3125 -10750
3126 -10958
3127 -11094
3128 -11142
3129 -11106
3130 -10990
3131 -10810
3132 -10586
3133 -10334
3134 -10090
3135 -9870
3136 -9702
3137 -9594
3138 -9566
3139 -9610
3140 -9730
3141 -9914
3142 -10138
3143 -10386
3144 -10634
3145 -10850
3146 -11018
3147 -11118
3148 -11138
3149 -11074
3150 -10922
3151 -10702
3152 -10426
3153 -10122
3154 -9818
3155 -9546
3156 -9330
3157 -9202
3158 -9174
3159 -9266
3160 -9474
3161 -9786
3162 -10182
3163 -10634
3164 -11098
3165 -11530
3166 -11878
3167 -12090
3168 -12118
3169 -11926
3170 -11474
3171 -10750
3172 -9742
3173 -8462
3174 -6930
3175 -5186
3176 -3278
3177 -1266
3178 786
3179 2814
3180 4754
3181 6542
3182 8126
3183 9466
3184 10542
3185 11334
3186 11846
3187 12098
3188 12118
3189 11946
3190 11626
3191 11210
3192 10746
3193 10290
3194 9874
3195 9542
3196 9310
3197 9190
3198 9190
3199 9294
3200 9490
3201 9754
3202 10054
3203 10358
3204 10642
3205 10878
3206 11046
3207 11134
3208 11134
3209 11054
3210 10902
3211 10690
3212 10450
3213 10202
3214 9966
3215 9774
3216 9638
3217 9574
3218 9586
3219 9674
3220 9830
3221 10038
3222 10282
3223 10530
3224 10762
3225 10958
3226 11090
3227 11146
3228 11118
3229 11002
3230 10810
3231 10554
3232 10262
3233 9954
3234 9662
3235 9418
3236 9250
3237 9178
3238 9214
3239 9370
3240 9638
3241 10002
3242 10434
3243 10898
3244 11350
3245 11742
3246 12018
3247 12134
3248 12042
3249 11710
3250 11106
3251 10222
3252 9062
3253 7638
3254 5982
3255 4142
3256 2166
3257 122
3258 -1926
3259 -3910
3260 -5770
3261 -7450
3262 -8906
3263 -10098
3264 -11014
3265 -11650
3266 -12014
3267 -12130
3268 -12038
3269 -11778
3270 -11398
3271 -10950
3272 -10482
3273 -10046
3274 -9674
3275 -9394
3276 -9222
3277 -9170
3278 -9230
3279 -9390
3280 -9626
3281 -9914
3282 -10222
3283 -10518
3284 -10778
3285 -10978
3286 -11102
3287 -11142
3288 -11094
3289 -10970
3290 -10786
3291 -10554
3292 -10306
3293 -10062
3294 -9850
3295 -9686
3296 -9586
3297 -9566
3298 -9622
3299 -9750
3300 -9938
3301 -10170
3302 -10418
3303 -10662
3304 -10874
3305 -11034
3306 -11126
3307 -11134
3308 -11058
3309 -10898
3310 -10670
3311 -10390
3312 -10086
3313 -9782
3314 -9514
3315 -9310
3316 -9190
3317 -9182
3318 -9286
3319 -9506
3320 -9830
3321 -10234
3322 -10690
3323 -11154
3324 -11574
3325 -11910
3326 -12102
3327 -12106
3328 -11886
3329 -11402
3330 -10642
3331 -9602
3332 -8290
3333 -6734
3334 -4966
3335 -3046
3336 -1022
3337 1030
3338 3054
3339 4974
3340 6742
3341 8298
3342 9610
3343 10650
3344 11410
3345 11890
3346 12110
3347 12106
3348 11914
3349 11578
3350 11154
3351 10690
3352 10238
3353 9830
3354 9506
3355 9290
3356 9186
3357 9194
3358 9314
3359 9518
3360 9790
3361 10090
3362 10394
3363 10674
3364 10902
3365 11062
3366 11138
3367 11130
3368 11038
3369 10878
3370 10666
3371 10422
3372 10170
3373 9942
3374 9754
3375 9626
3376 9570
3377 9590
3378 9690
3379 9854
3380 10066
3381 10310
3382 10558
3383 10790
3384 10978
3385 11098
3386 11146
3387 11106
3388 10982
3389 10782
3390 10522
3391 10226
3392 9918
3393 9630
3394 9394
3395 9234
3396 9174
3397 9226
3398 9398
3399 9678
3400 10050
3401 10490
3402 10954
3403 11402
3404 11782
3405 12042
3406 12134
3407 12018
3408 11654
3409 11018
3410 10098
3411 8906
3412 7450
3413 5770
3414 3910
3415 1926
3416 -122
3417 -2166
3418 -4142
3419 -5982
3420 -7638
3421 -9062
3422 -10222
3423 -11106
3424 -11706
3425 -12042
3426 -12130
3427 -12014
3428 -11734
3429 -11346
3430 -10894
3431 -10430
3432 -9998
3433 -9634
3434 -9366
3435 -9210
3436 -9174
3437 -9246
3438 -9414
3439 -9658
3440 -9950
3441 -10258
3442 -10554
3443 -10806
3444 -10998
3445 -11114
3446 -11142
3447 -11086
3448 -10954
3449 -10758
3450 -10526
3451 -10278
3452 -10034
3453 -9826
3454 -9670
3455 -9582
3456 -9570
3457 -9634
3458 -9770
3459 -9962
3460 -10198
3461 -10446
3462 -10690
3463 -10898
3464 -11050
3465 -11130
3466 -11130
3467 -11042
3468 -10874
3469 -10638
3470 -10354
3471 -10050
3472 -9750
3473 -9486
3474 -9290
3475 -9186
3476 -9186
3477 -9306
3478 -9538
3479 -9874
3480 -10286
3481 -10746
3482 -11206
3483 -11622
3484 -11942
3485 -12114
3486 -12094
3487 -11842
3488 -11326
3489 -10534
3490 -9462
3491 -8118
3492 -6534
3493 -4746
3494 -2806
3495 -778
3496 1274
3497 3290
3498 5194
3499 6938
3500 8470
3501 9750
3502 10754
3503 11478
3504 11930
3505 12122
3506 12094
3507 11878
3508 11534
3509 11102
3510 10638
3511 10186
3512 9790
3513 9474
3514 9270
3515 9178
3516 9206
3517 9334
3518 9550
3519 9822
3520 10126
3521 10430
3522 10706
3523 10926
3524 11078
3525 11142
3526 11122
3527 11022
3528 10854
3529 10638
3530 10390
3531 10142
3532 9918
3533 9734
3534 9614
3535 9570
3536 9598
3537 9706
3538 9878
3539 10094
3540 10342
3541 10590
3542 10814
3543 10994
3544 11110
3545 11146
3546 11098
3547 10962
3548 10754
3549 10490
3550 10190
3551 9882
3552 9598
3553 9370
3554 9222
3555 9174
3556 9242
3557 9426
3558 9718
3559 10102
3560 10542
3561 11010
3562 11450
3563 11818
3564 12062
3565 12134
3566 11986
3567 11590
3568 10922
3569 9970
3570 8746
3571 7262
3572 5558
3573 3678
3574 1682
3575 -366
3576 -2406
3577 -4370
3578 -6190
3579 -7818
3580 -9214
3581 -10342
3582 -11190
3583 -11762
3584 -12062
3585 -12126
3586 -11990
3587 -11694
3588 -11294
3589 -10838
3590 -10374
3591 -9950
3592 -9598
3593 -9342
3594 -9202
3595 -9174
3596 -9262
3597 -9442
3598 -9694
3599 -9986
3600 -10294
3601 -10586
3602 -10834
3603 -11018
3604 -11122
3605 -11138
3606 -11074
3607 -10934
3608 -10734
3609 -10498
3610 -10246
3611 -10006
3612 -9806
3613 -9654
3614 -9574
3615 -9574
3616 -9646
3617 -9790
3618 -9990
3619 -10226
3620 -10478
3621 -10714
3622 -10918
3623 -11066
3624 -11138
3625 -11126
3626 -11026
3627 -10850
3628 -10606
3629 -10318
3630 -10010
3631 -9714
3632 -9458
3633 -9274
3634 -9178
3635 -9194
3636 -9326
3637 -9574
3638 -9918
3639 -10338
3640 -10802
3641 -11258
3642 -11666
3643 -11970
3644 -12122
3645 -12078
3646 -11794
3647 -11246
3648 -10422
3649 -9314
3650 -7942
3651 -6330
3652 -4522
3653 -2570
3654 -534
3655 1518
3656 3522
3657 5414
3658 7134
3659 8634
3660 9882
3661 10858
3662 11546
3663 11966
3664 12130
3665 12074
3666 11846
3667 11486
3668 11046
3669 10582
3670 10134
3671 9746
3672 9446
3673 9254
3674 9178
3675 9214
3676 9354
3677 9578
3678 9858
3679 10162
3680 10466
3681 10734
3682 10950
3683 11090
3684 11146
3685 11114
3686 11006
3687 10830
3688 10610
3689 10362
3690 10114
3691 9894
3692 9718
3693 9606
3694 9566
3695 9610
3696 9722
3697 9902
3698 10122
3699 10370
3700 10618
3701 10838
3702 11014
3703 11118
3704 11146
3705 11086
3706 10942
3707 10726
3708 10454
3709 10150
3710 9846
3711 9570
3712 9350
3713 9210
3714 9178
3715 9258
3716 9454
3717 9758
3718 10150
3719 10598
3720 11062
3721 11498
3722 11854
3723 12082
3724 12126
3725 11954
3726 11526
3727 10826
3728 9842
3729 8582
3730 7070
3731 5342
3732 3446
3733 1442
3734 -614
3735 -2646
3736 -4594
3737 -6394
3738 -7998
3739 -9362
3740 -10458
3741 -11274
3742 -11810
3743 -12082
3744 -12118
3745 -11962
3746 -11650
3747 -11242
3748 -10782
3749 -10322
3750 -9902
3751 -9562
3752 -9318
3753 -9190
3754 -9182
3755 -9278
3756 -9470
3757 -9726
3758 -10022
3759 -10330
3760 -10618
3761 -10858
3762 -11034
3763 -11126
3764 -11134
3765 -11058
3766 -10910
3767 -10706
3768 -10466
3769 -10218
3770 -9982
3771 -9782
3772 -9642
3773 -9570
3774 -9578
3775 -9658
3776 -9810
3777 -10018
3778 -10258
3779 -10506
3780 -10742
3781 -10938
3782 -11078
3783 -11138
3784 -11118
3785 -11010
3786 -10826
3787 -10574
3788 -10282
3789 -9974
3790 -9682
3791 -9434
3792 -9258
3793 -9174
3794 -9202
3795 -9350
3796 -9610
3797 -9966
3798 -10394
3799 -10854
3800 -11310
3801 -11706
3802 -11998
3803 -12130
3804 -12054
3805 -11742
3806 -11166
3807 -10306
3808 -9166
3809 -7762
3810 -6122
3811 -4294
3812 -2330
3813 -290
3814 1762
3815 3754
3816 5626
3817 7322
3818 8798
3819 10014
3820 10954
3821 11610
3822 11998
3823 12134
3824 12058
3825 11806
3826 11434
3827 10990
3828 10526
3829 10086
3830 9706
3831 9418
3832 9238
3833 9174
3834 9226
3835 9378
3836 9610
3837 9894
3838 10202
3839 10498
3840 10762
3841 10970
3842 11098
3843 11146
3844 11106
3845 10990
3846 10806
3847 10578
3848 10330
3849 10086
3850 9870
3851 9702
3852 9598
3853 9570
3854 9618
3855 9742
3856 9926
3857 10150
3858 10402
3859 10646
3860 10862
3861 11030
3862 11126
3863 11142
3864 11074
3865 10918
3866 10694
3867 10418
3868 10114
3869 9810
3870 9538
3871 9326
3872 9202
3873 9182
3874 9274
3875 9486
3876 9802
3877 10202
3878 10654
3879 11118
3880 11546
3881 11890
3882 12098
3883 12118
3884 11918
3885 11458
3886 10722
3887 9706
3888 8414
3889 6874
3890 5126
3891 3214
3892 1198
3893 -858
3894 -2882
3895 -4818
3896 -6598
3897 -8174
3898 -9506
3899 -10570
3900 -11350
3901 -11854
3902 -12098
3903 -12110
3904 -11930
3905 -11606
3906 -11190
3907 -10726
3908 -10270
3909 -9858
3910 -9526
3911 -9298
3912 -9186
3913 -9186
3914 -9298
3915 -9494
3916 -9762
3917 -10062
3918 -10366
3919 -10650
3920 -10882
3921 -11050
3922 -11134
3923 -11130
3924 -11046
3925 -10890
3926 -10678
3927 -10438
3928 -10186
3929 -9954
3930 -9762
3931 -9630
3932 -9566
3933 -9582
3934 -9674
3935 -9834
3936 -10042
3937 -10286
3938 -10534
3939 -10766
3940 -10958
3941 -11090
3942 -11142
3943 -11110
3944 -10994
3945 -10798
3946 -10542
3947 -10246
3948 -9938
3949 -9650
3950 -9406
3951 -9242
3952 -9174
3953 -9214
3954 -9374
3955 -9646
3956 -10014
3957 -10446
3958 -10910
3959 -11362
3960 -11750
3961 -12022
3962 -12130
3963 -12034
3964 -11690
3965 -11078
3966 -10182
3967 -9010
3968 -7578
3969 -5914
3970 -4066
3971 -2090
3972 -46
3973 1986
3974 3950
3975 5786
3976 7442
3977 8874
3978 10046
3979 10946
3980 11566
3981 11914
3982 12026
3983 11926
3984 11662
3985 11282
3986 10838
3987 10374
3988 9942
3989 9578
3990 9302
3991 9138
3992 9090
3993 9154
3994 9318
3995 9554
3996 9838
3997 10142
3998 10438
3999 10694
4000 10890
4001 11010
4002 11042
4003 10994
4004 10870
4005 10682
4006 10454
4007 10206
4008 9966
4009 9754
4010 9594
4011 9502
4012 9482
4013 9542
4014 9670
4015 9858
4016 10086
4017 10334
4018 10574
4019 10786
4020 10942
4021 11030
4022 11038
4023 10958
4024 10798
4025 10566
4026 10290
4027 9986
4028 9686
4029 9422
4030 9222
4031 9110
4032 9102
4033 9210
4034 9430
4035 9754
4036 10158
4037 10610
4038 11070
4039 11486
4040 11814
4041 11998
4042 11998
4043 11766
4044 11282
4045 10518
4046 9478
4047 8166
4048 6614
4049 4858
4050 2950
4051 946
4052 -1090
4053 -3090
4054 -4990
4055 -6734
4056 -8270
4057 -9558
4058 -10582
4059 -11322
4060 -11790
4061 -12002
4062 -11986
4063 -11790
4064 -11454
4065 -11034
4066 -10574
4067 -10122
4068 -9726
4069 -9406
4070 -9194
4071 -9094
4072 -9110
4073 -9230
4074 -9438
4075 -9706
4076 -10006
4077 -10306
4078 -10582
4079 -10806
4080 -10962
4081 -11034
4082 -11022
4083 -10930
4084 -10766
4085 -10554
4086 -10314
4087 -10066
4088 -9838
4089 -9654
4090 -9530
4091 -9478
4092 -9502
4093 -9602
4094 -9766
4095 -9978
4096 -10222
4097 -10466
4098 -10694
4099 -10878
4100 -10998
4101 -11042
4102 -10998
4103 -10874
4104 -10670
4105 -10414
4106 -10118
4107 -9814
4108 -9530
4109 -9298
4110 -9142
4111 -9086
4112 -9142
4113 -9314
4114 -9598
4115 -9970
4116 -10406
4117 -10866
4118 -11306
4119 -11682
4120 -11934
4121 -12018
4122 -11894
4123 -11522
4124 -10886
4125 -9966
4126 -8774
4127 -7322
4128 -5650
4129 -3802
4130 -1830
4131 126
4132 1422
4133 2666
4134 3830
4135 4870
4136 5766
4137 6494
4138 7046
4139 7422
4140 7626
4141 7678
4142 7602
4143 7422
4144 7174
4145 6886
4146 6594
4147 6322
4148 6094
4149 5926
4150 5830
4151 5810
4152 5858
4153 5966
4154 6122
4155 6306
4156 6502
4157 6686
4158 6846
4159 6966
4160 7038
4161 7054
4162 7014
4163 6930
4164 6806
4165 6658
4166 6502
4167 6350
4168 6218
4169 6118
4170 6066
4171 6058
4172 6102
4173 6190
4174 6314
4175 6462
4176 6618
4177 6770
4178 6902
4179 6998
4180 7050
4181 7046
4182 6990
4183 6882
4184 6730
4185 6550
4186 6354
4187 6166
4188 6002
4189 5878
4190 5814
4191 5818
4192 5894
4193 6046
4194 6258
4195 6522
4196 6814
4197 7106
4198 7366
4199 7566
4200 7670
4201 7654
4202 7486
4203 7158
4204 6650
4205 5962
4206 5106
4207 4098
4208 2962
4209 1734
4210 450
4211 -850
4212 -2122
4213 -3326
4214 -4426
4215 -5386
4216 -6190
4217 -6822
4218 -7274
4219 -7554
4220 -7670
4221 -7646
4222 -7506
4223 -7286
4224 -7010
4225 -6718
4226 -6434
4227 -6182
4228 -5986
4229 -5858
4230 -5806
4231 -5822
4232 -5906
4233 -6046
4234 -6218
4235 -6410
4236 -6602
4237 -6778
4238 -6914
4239 -7010
4240 -7050
4241 -7034
4242 -6970
4243 -6862
4244 -6722
4245 -6566
4246 -6410
4247 -6266
4248 -6154
4249 -6078
4250 -6050
4251 -6074
4252 -6142
4253 -6250
4254 -6390
4255 -6546
4256 -6702
4257 -6846
4258 -6958
4259 -7030
4260 -7050
4261 -7018
4262 -6930
4263 -6798
4264 -6626
4265 -6438
4266 -6242
4267 -6066
4268 -5922
4269 -5830
4270 -5802
4271 -5846
4272 -5966
4273 -6154
4274 -6398
4275 -6678
4276 -6974
4277 -7254
4278 -7482
4279 -7634
4280 -7674
4281 -7574
4282 -7318
4283 -6890
4284 -6282
4285 -5498
4286 -4554
4287 -3474
4288 -2282
4289 -1014
4290 122
4291 678
4292 1210
4293 1702
4294 2146
4295 2522
4296 2826
4297 3054
4298 3206
4299 3286
4300 3302
4301 3262
4302 3178
4303 3070
4304 2946
4305 2822
4306 2706
4307 2610
4308 2542
4309 2506
4310 2498
4311 2522
4312 2574
4313 2642
4314 2722
4315 2806
4316 2886
4317 2950
4318 3002
4319 3026
4320 3030
4321 3014
4322 2974
4323 2918
4324 2854
4325 2786
4326 2722
4327 2666
4328 2626
4329 2606
4330 2606
4331 2626
4332 2666
4333 2722
4334 2786
4335 2854
4336 2918
4337 2974
4338 3014
4339 3030
4340 3026
4341 3002
4342 2950
4343 2886
4344 2806
4345 2722
4346 2642
4347 2574
4348 2522
4349 2498
4350 2502
4351 2542
4352 2610
4353 2702
4354 2818
4355 2946
4356 3070
4357 3178
4358 3262
4359 3302
4360 3286
4361 3206
4362 3054
4363 2826
4364 2522
4365 2146
4366 1706
4367 1214
4368 682
4369 126
4370 -430
4371 -974
4372 -1486
4373 -1954
4374 -2358
4375 -2698
4376 -2958
4377 -3142
4378 -3254
4379 -3298
4380 -3282
4381 -3214
4382 -3118
4383 -2998
4384 -2870
4385 -2750
4386 -2646
4387 -2562
4388 -2514
4389 -2494
4390 -2506
4391 -2542
4392 -2606
4393 -2682
4394 -2766
4395 -2846
4396 -2918
4397 -2978
4398 -3014
4399 -3030
4400 -3018
4401 -2990
4402 -2942
4403 -2882
4404 -2814
4405 -2746
4406 -2686
4407 -2638
4408 -2610
4409 -2598
